00111100000000001111111111111111
00111100000000001000000000000000
00111100000000000111111111111111
00111100000000000101101001001011
00111100000000000001111000001111
00100000000000000000000000000001
00110100000000001111111111111110
00110100000000001111111111111111
00110100000000000011110000101101
00110100000000001111000011100001
00000000000000000000000000100010
00000000000000000000000000100000
00110100000000000000100000000000
10101100000000000000000000000000
10001100000000000000000000000000
00000000000000000000000000100111
00010000000000000000000000010011
00000000000000000000000001000010
00000000000000000000010000000010
00000000000000000000000100000000
00000000000000000000010100000000
00000000000000000000000000100011
00101100000000000111111111111110
00000000000000000000000000101010
00000000000000000000000000101011
00000000000000000000000000101010
00000000000000000000000000101011
00101000000000000000000000000001
00101000000000000111111111111111
10101100000000000000000000000000
10101100000000000000000000000100
00000000000000000000000001000000
00000000000000000000010000000010
00010100000000001111111111110101
00100100000000000000100000001000
00100100000000000000000000000001
00001000000000000000000000100100

