00111100000000011111111111111111
00111100000000101000000000000000
00111100000000110111111111111111
00111100000001000101101001001011
00111100000001010001111000001111
00100000000001100000000000000001
00110100001000011111111111111110
00110100011000111111111111111111
00110100100001000011110000101101
00110100101001011111000011100001
00000000000001100011100000100010
00000000001001100000100000100000
00110100010010000000100000000000
10101100001000010000000000000000
10001100001001000000000000000000
00000000100001010100100000100111
00010000100001010000000000010100
00000000000000100101000001000010
00000000000000100101110000000010
00000000000010000110000100000000
00000000000010000110110100000000
00000001000010100100000000100011
00101101011110000111111111111111
00000001010011000100100000101010
00000001010011001000000000101011
00000001101000000101100000101010
00000001101000001000100000101011
00101000000011100000000000000001
00101001101011110111111111111111
10101101000001000000000000000000
10101101000001010000000000000100
00000000000010100101000001000000
00000000000011010110110000000010
00010101001011101111111111110101
00100101011010110000100000001000
00100101000010000000000000000001
00001000000000000000000000001111
00001000000000000000000000100101

